c_log2		= 0.693147180559945309417232121458176568
c_pi		= 3.141592653589793238462643383279502884
c_tau		= 6.283185307179586476925286766559005768
c_pi_2		= 1.570796326794896619231321691639751442
c_pi_4 		= 0.785398163397448309615660845819875721
c_inv_pi	= 0.318309886183790671537767526745028724
c_phi		= 1.618033988749894848204586834365638117
c_sqrt2		= 1.414213562373095048801688724209698079
c_sqrt3		= 1.732050807568877293527446341505872366
c_1_o_sqrt2	= 0.707106781186547524400844362104849039
c_deg		= 57.29577951308232087679815481410517033
c_rad		= 0.017453292519943295769236907684886127
c_eul		= 2.718281828459045235360287471352662497

